2245
5877
8303
8431
856700
41491
25392
13503
67224
58795
19956
274177
72688
54899
7035
2537
1848
2434
9311
7657
1275
5334
3860
8377
1356
2600
8152
7793
2857
55
5868
8862
1288
9308
2888
9463
5602
7643
9616
5058
3463
5688
8630
456
1518
2380
721
2406
8540
1784
1068
9622
9239
5305
321
6413
2139
2605
632
374
6557
4309
5866
6911
1006
4731
4363
9539
4050
5557
4072
6408
721
2555
7197
5833
3038
6246
1594
2534
1750
3081
7559
5659
171
2517
8949
4590
3650
3127
9607
7629
6346
4869
3841
5256
3151
2313
7648
8250
8413
1500
6042
414
6104
1847
5943
2320
6283
9142
7216
8433
367
622
1319
9119
2207
2897
7383
9877
4251
5583
9021
3774
8393
2495
8472
9440
5442
478
125
5478
1084
3720
8974
3230
5955
1029
5580
1509
3598
7765
5690
1216
4784
2495
6276
2572
1995
7013
2112
6536
8268
2413
5283
545
1219
4284
4519
6142
2641
6980
572
4782
2343
7872
1325
5535
5356
4748
8212
2512
6911
3450
8433
4825
1358
7811
1590
3337
5143
2843
7398
4432
1533
1544
4496
8894
5694
5812
2823
6572
5474
9520
7460
3402
4821
1484
8702
3608
889
6981
5640
9817
1574
4942
7403
6037
2420
1170
7814
2414
6843
5769
820
1797
5848
7465
4157
3454
578
1758
9231
305
6174
5133
8958
6098
6272
5029
649
9331
2339
2728
6591
969
4219
5625
7874
7228
4568
3733
2427
1715
4638
279
495
1392
51
151
1456
8071
6985
1443
8439
9749
5709
6337
7392
8542
4030
8083
6630
7415
2066
2476
9490
4422
437
6290
1198
839
5908
7684
5374
8976
1193
3806
3393
7111
6184
1675
3284
1346
1145
7130
2919
2912
3782
2212
2021
8390
8856
7629
5582
5404
7325
505
4151
5081
2638
2369
6501
2140
3278
694
758
1773
9828
8421
1489
2916
557
8524
686
24
4411
188
1224
5098
8835
4559
9026
9746
1094
8060
2520
3674
7950
7656
2856
2603
1116
1167
3457
4773
6719
6996
4075
739
7911
837
7303
8365
2682
2051
1640
5599
487
2160
6913
2747
3578
4506
4289
1467
3440
1175
5773
969
1435
4721
2045
322
2984
8468
7818
2440
6078
1845
8821
4648
9002
2406
4972
316
1881
6327
1049
8785
6501
3695
5163
6827
9460
1436
617
551
2013
647
6980
7793
5085
4587
620
792
1545
855
5878
1679
1637
3218
7117
9797
3476
1887
3639
9527
5137
1986
6281
6741
861
1153
6157
2210
1129
2990
7746
8751
6983
324
5557
1323
2172
95
3343
5780
9689
3393
15
1857
714
1187
3546
627
2366
5449
8528
8520
2009
7913
6096
5842
5398
2765
6159
5528
7505
599
9573
7036
9172
8693
7000
6029
4704
6181
5741
6269
9886
7482
4844
3478
6598
1311
9620
1864
752
3899
9871
950
6954
4022
6183
8914
7066
5868
9209
86
1780
3952
6921
2820
7293
6114
7350
9216
3424
7732
9199
9693
801
7465
9366
1573
1313
7406
5476
3614
2674
2686
9517
6073
9772
8481
4694
7996
5167
6277
8196
946
345
6528
5846
9969
4106
3124
3190
3789
582
1732
332
2699
2378
9558
4820
4008
1155
2618
2017
6267
6220
7434
4321
4905
7927
6017
1171
7112
1358
8913
3783
1541
1097
2832
1029
7098
1330
7667
9952
2714
9928
5118
2684
3919
753
4618
1294
9782
5620
40
8771
1129
7366
2870
7220
5134
3154
6847
7624
3966
2414
567
9946
904
668
5624
6845
966
9199
9558
8077
4561
1183
6922
5656
2897
1646
6445
6652
7959
8475
2099
2195
1487
9975
6666
1693
1744
1463
7747
7452
5478
8537
976
8438
5361
7194
1455
7366
1391
6903
6022
1316
6264
8338
6127
2182
6697
3128
5174
2071
4899
2225
6705
8440
9844
4728
5599
7300
9783
6524
980
3752
552
1205
4516
2626
2378
7547
2365
8057
796
451
1691
9501
6521
8587
8278
1057
527
3929
6654
7574
867
8110
1098
586
9618
8497
9389
8609
5435
4586
2602
2082
1772
8091
202
886
6714
102
9724
9612
9125
3739
3068
241
698
3392
2710
3534
7115
2359
5836
2658
3421
8874
2471
8641
1744
2202
9627
6269
2180
2328
6926
6629
3706
3683
8923
4907
8729
9204
385
4122
5538
3014
9601
4455
5925
2955
4248
2263
101
1850
7849
8434
5722
3229
7344
2310
3606
4650
2546
7007
1867
3472
7592
4038
138
3125
7278
9688
1614
3469
2231
600
2875
2414
9843
9143
3233
8978
1508
7891
646
3724
6925
6558
8226
6926
7724
2688
6268
5307
4553
9791
870
4936
5423
7887
8532
8377
8204
773
4163
7481
6932
528
5960
5657
2522
9082
8182
9133
1361
4154
820
1652
239
6462
5294
8919
2179
568
5546
7683
3929
7974
2238
5146
6108
5911
5569
4822
7580
9786
5231
7328
4416
6777
6065
4352
8237
2358
1932
2598
7239
2789
4680
7193
2375
9195
5812
6894
1999
9205
937
8715
9130
4379
3548
6796
5287
2774
2679
197
391
3360
2042
5065
5636
1915
3678
7995
7765
7606
6779
52
5295
2459
2731
1492
4255
5276
9806
5580
565
479
1151
4923
483
6215
5206
8551
7927
8373
4976
9054
7332
2510
9116
2558
2568
5439
8503
2898
6521
9535
6779
8142
1009
7684
1923
813
2508
9609
1826
136
1216
1502
6885
3482
5725
5696
5990
5042
1716
8459
4018
2137
2668
4957
6573
6565
979
3772
6693
8796
1794
635
9892
7789
5348
6521
3962
2076
2873
9339
4794
2764
3846
8011
2515
8386
9999
8352
4739
5175
3671
4016
3351
9774
6375
35
134
6423
4893
267
3614
2243
6583
2241
5838
3113
305
113
4231
9016
1260
456
7229
1630
9375
973
4402
1513
321
254
5892
2124
6296
189
2966
4644
300
3163
1117
4667
9360
7970
6620
3213
226
697
1010
2505
4432
4836
7329
6027
989
9499
483
6407
9748
2748
5352
2632
6653
3555
3955
6730
5886
1817
4838
84
932
9226
5371
5339
450
4091
3973
5731
9464
5660
6326
8631
9000
1227
7074
2619
4485
3545
435
2735
5165
5393
7391
3863
8057
950
1799
9641
4226
5132
4625
3478
7702
7498
9880
1213
5259
5534
1459
7245
1219
2865
8307
1817
1841
2285
6497
5121
4347
5756
2407
3294
6849
7891
8989
2446
3773
8447
9592
4705
2427
8830
7198
1170
6379
2258
4461
6570
4676
3361
3004
4786
7051
1360
6306
2200
1812
6866
5078
6053
585
4299
710
3964
2585
8922
3372
5204
4914
9830
5870
2809
4322
5768
9413
3552
2906
1098
6224
1658
2308
5566
58
6044
391
2434
8041
5884
3257
1826
1513
1982
7844
6191
8024
2128
5644
1327
1907
2386
0
4964
2001
811
3070
1265
1806
8904
3404
7691
6187
3765
3861
2604
516
2753
7616
8990
5762
7709
9847
5414
3714
7366
5414
6223
2629
6675
323
2105
6250
3824
494
4256
9417
8765
4552
9266
9665
625
5865
3484
7125
611
524
9092
5954
5610
4206
4476
84
4019
743
5573
8809
7315
7223
8035
8406
2461
1941
3488
6200
4470
1428
4195
7918
6536
1208
8946
1958
4
152
3237
2949
4187
8979
3805
2699
6591
5815
2885
9990
2661
3360
7176
4838
6526
143
275
993
5846
2379
9100
6311
4396
3548
9044
7369
9956
6501
873
1333
2377
9073
5022
405
7991
5234
5215
7993
8327
2742
1520
8994
7452
1675
2022
129
2047
7381
4904
5471
4694
6237
2262
4814
8794
9467
6379
464
824
6616
847
3495
2040
7309
7456
9068
1485
6321
1491
6595
1340
9921
8229
8975
944
688
1607
6690
8813
7857
9961
8680
5604
4674
7685
4693
7975
6444
4320
8268
5214
2600
7757
6754
4568
9716
2467
8578
5637
1990
2191
4177
5732
2465
4173
4645
9961
886
6051
7442
6882
6828
1262
3061
1145
7107
5314
9845
1836
1909
9836
9142
700
2686
4026
6943
1731
254
8061
4175
2921
1324
2109
8396
6728
1821
1054
3548
7295
9317
707
5591
8660
2494
704
6652
926
6743
2020
1684
3697
7934
2134
9812
8059
1665
5166
9111
2111
5825
4488
6699
4544
8889
4661
6122
7440
686
6659
6060
9
1287
7854
8027
7212
4926
726
3095
7752
2279
531
9771
6462
8464
9270
4304
9571
890
4690
9216
2181
5208
843
7054
4913
3045
8494
676
3332
2555
9313
5389
8368
3121
3932
5316
9650
1605
1544
3324
5938
1738
7111
8418
5387
7619
9845
5008
1787
7201
7501
7972
765
1817
2303
1744
1013
3178
880
1826
4987
6637
5122
3111
6909
2174
5078
2780
9278
186
7759
9413
1299
3097
3881
1154
6383
4158
5770
9918
9997
2925
8199
2537
7342
2012
9050
2873
4724
6925
1555
1325
5343
4011
1805
866
8901
6819
1587
2185
6215
7430
674
5193
5618
6428
2656
5185
4947
4250
9501
4321
9919
2486
2777
9289
978
8491
1814
9841
502
8489
7184
2907
7990
398
6554
358
6355
9227
683
1749
5703
7504
3209
1168
4952
7290
4948
2472
7231
5934
6806
1872
9850
3030
2458
1051
319
6891
5707
417
3234
4787
4126
8454
3337
1694
946
1660
2782
4284
4822
4439
3636
4753
1597
5137
4093
9499
3662
8656
3435
7427
6766
6293
1286
5490
2626
5399
2974
4727
2543
5199
4850
2070
7365
7364
5216
8434
1564
4906
7661
8974
2317
4135
5495
5393
9844
4966
3801
664
9701
5824
2719
1585
3469
6903
4459
1829
5593
8052
7831
2452
8525
4852
3244
2072
9886
2719
4274
5795
8304
8602
7513
234
3944
3933
1880
279
2505
9654
9108
2185
7057
815
5523
8671
5385
3086
1104
7797
7832
9484
7202
6861
4858
5641
2281
7553
3296
6814
9049
824
7143
1314
9290
7096
173
1681
1278
3211
209
2729
8245
3717
7723
6919
5710
821
3228
2594
1695
1866
8279
9382
214
4920
8831
2197
2865
5066
8899
1160
5963
9050
1832
1676
4216
8543
2870
8907
1763
4327
9670
1623
9253
5941
7850
1103
9497
7580
1021
6011
974
4605
28
3882
6653
1005
8277
3679
1867
2187
463
9255
1025
6800
6667
6686
5018
2888
9130
6355
6525
9472
9839
5529
604
7793
518
5087
2684
5900
1636
1218
6886
6534
3105
5569
1421
6901
1572
7617
4897
1979
7613
2738
5363
6115
4793
6178
3162
3930
1905
1217
2181
3601
8516
7541
5042
4768
2967
4271
7263
140
5722
9997
8879
4732
7229
1777
1775
3496
3170
4370
9065
4067
741
6305
760
907
7129
47
6078
2030
4916
9901
9395
9072
4046
8052
1279
7850
4902
6039
9273
6533
1702
3125
672
71
6280
755
4555
4621
5305
9897
220
1866
6093
7260
5818
5263
7907
9325
5471
268
7738
3567
6719
5653
8084
3054
5066
4584
186
6991
2644
1486
6849
818
6419
6145
3835
5503
2792
3213
9056
224
2946
8745
2383
5963
7023
5144
1904
9572
1781
1051
2412
1520
592
521
2831
1372
5356
5234
9612
4639
6422
512
8977
5053
78
5871
7629
2702
6336
7919
512
4206
6099
7400
8018
8150
8752
1149
7207
4716
1415
2275
5136
582
9807
9956
1029
4660
2605
2159
898
4015
4776
4835
6448
8940
8810
7660
7862
1014
153
3724
9072
9067
1734
1550
30
9845
2197
6823
5216
1517
5055
5630
4576
8491
8277
413
4272
7408
3237
7672
4231
3831
6994
4782
934
121
1279
3710
3359
5553
7100
5788
216
9327
8948
403
3452
5217
4742
2045
7875
6799
9347
3825
3556
7733
2263
1293
1928
2470
716
644
8416
2015
7483
5321
7417
7371
7652
7245
943
7877
2385
3910
9968
5106
7269
2496
1939
5952
7818
2408
441
5754
5212
7831
9058
7246
5920
5563
1139
0
7242
3740
7495
5712
237
4366
1427
2297
4067
9746
3294
1532
3567
8066
4897
4893
6033
9085
8844
4651
747
2607
1481
3638
2306
2405
7764
9644
8519
9136
7899
8517
5446
2344
4131
8512
2670
1698
9035
6573
930
3717
1093
2044
8864
7337
7650
4470
5008
5217
7213
5899
3503
1979
7339
1307
717
7798
6050
2297
8915
2563
8743
3837
7769
1167
6220
5993
9015
8976
2394
7470
1850
5453
3643
319
6074
979
5884
5222
8234
9733
1488
3494
111
5572
440
5218
5876
6352
4450
9020
6621
1037
752
144
2619
410
5819
7409
1392
798
1431
2324
7475
2275
2712
316
886
2887
6101
1366
1254
6961
4109
454
8019
4769
6519
6353
881
7595
430
2845
3501
9926
4317
7221
9908
1296
1911
6770
7041
6404
4922
9607
1653
9758
4229
6907
1340
7134
2583
2716
8349
5020
602
706
4258
1131
6321
9601
5866
3152
3917
484
3771
3701
5910
9382
2747
1609
408
8994
5553
6907
6652
2319
5272
4503
3817
4180
596
6896
8458
9154
9767
8590
4497
5697
3750
857
2204
4379
1400
135
696
3401
2303
9779
4243
4842
4058
1855
4151
987
4409
827
9251
1828
9651
6902
4028
2671
9701
2755
1860
6158
7260
2304
3481
557
3765
4788
4306
1238
7858
9447
7318
9508
784
7447
9645
9114
7191
9096
2906
1636
6210
4091
7594
2334
5919
5602
8806
436
9288
5474
7007
2042
4084
7354
9403
2397
9464
3939
3306
793
1586
7481
8959
3165
1559
3402
219
540
2539
8652
6140
3509
3137
35
934
869
5636
275
96
907
7878
451
5891
7948
2230
8723
6574
4777
5591
1199
3197
3726
4894
7189
7723
7948
9324
8979
150
3065
3694
2404
242
8390
8033
6637
3537
7297
4634
4386
5697
2268
9109
4959
9350
622
2427
6884
698
4937
7546
4096
1282
1852
4368
9777
8179
9417
3895
155
8629
3465
8520
4952
2998
47
553
3742
210
7082
248
2423
8642
7455
6205
3677
6002
6871
6907
8868
7175
7637
312
5869
5409
4282
8094
248
9054
4044
208
5849
3696
6885
848
4687
191
3160
6544
1377
4609
8521
5784
1593
3353
7549
5816
4230
5006
1871
6638
7196
1102
8549
9530
559
9507
2962
4592
9088
3236
3054
8318
1319
1167
227
1551
6561
694
7161
8671
6972
8167
2740
3280
1201
9488
5612
4172
7809
4371
8094
1324
5412
1734
5329
4888
3453
5279
8203
2192
3346
8846
6885
635
4762
2939
7068
9165
8248
4145
698
1950
9831
2859
933
1817
3270
5327
3925
9858
4087
9880
9148
2172
6387
8024
2081
2266
3408
7741
381
5188
1093
2627
6890
4685
6252
1451
2745
4802
1209
8811
6099
2053
6667
6741
5426
907
6385
1612
3985
9346
9071
7861
401
9128
177
3083
7661
7128
4991
5221
5472
3846
3121
1019
1942
8653
6037
2455
6497
6
3471
5417
7677
9772
1600
8414
3077
7102
4618
3249
6503
1460
8946
7954
6661
870
1703
9719
9070
58
9107
6592
2285
5468
9552
2927
4592
4770
6236
9480
2091
592
3008
6085
6190
2714
3389
9789
1877
2921
1368
4838
5870
8448
4536
5880
8960
7583
8605
2132
826
3991
9603
4037
6922
559
1528
8646
6607
8694
3610
2132
1665
1114
9892
2630
1615
1912
5435
3322
9881
9621
9988
5137
8464
1069
6840
2366
5002
8187
2314
2523
8363
9752
4968
285
9392
1126
5681
8168
6205
5663
631
566
186
2090
4148
9332
3145
751
8545
4782
7979
9962
3157
2604
9876
1813
5963
9756
2556
337
9751
1715
1863
3285
1098
6910
6999
683
2436
2878
3585
1574
570
1011
8222
1081
664
1864
9186
4964
936
479
9890
5440
1812
2622
2145
7214
2184
5403
3916
426
7164
228
7960
5654
224
7730
9880
1476
3240
2159
2627
9139
7947
4709
3636
1615
8743
57
9060
2642
2695
40
4934
1823
7912
7504
6529
8929
424
7202
820
1887
6287
8279
9732
4738
5827
5409
3769
7258
567
6787
4730
1726
851
1747
2662
3187
2554
8975
2374
5296
6855
3630
8031
5311
4442
3721
731
9269
3010
4665
3994
1350
2651
4707
2245
4611
7722
385
4
4981
678
8930
6672
2287
314
2758
1595
9567
1752
5074
9647
1253
2784
267
1397
1911
2641
2977
7207
7364
9679
9545
5304
1415
2806
6352
1474
8927
366
1948
9983
1405
2559
8757
5516
7197
2007
8917
5100
3257
4250
7275
617
9498
5561
3974
2848
832
7542
5600
9325
5764
6503
9673
9444
4492
8793
1446
3683
927
8390
4394
5172
954
4522
7827
2007
9650
9011
4712
5135
8266
4519
5890
4235
3063
9371
2088
8568
18
7969
1615
9669
6606
801
6193
1176
6187
9211
5150
3279
7275
1067
8097
8170
7859
367
4629
567
7956
3509
2407
4797
1802
2520
925
8669
3940
3037
2487
2037
4453
8233
3509
5576
4378
693
3562
3627
846
3685
2319
6656
1451
5077
3979
1640
2321
453
4578
5909
8315
3398
5883
1710
880
2005
9318
1303
936
1096
4669
2336
2321
3671
2395
8060
4224
13
4011
7221
7083
94
4738
2189
358
8971
6271
1080
3276
628
2786
8121
9281
5678
4027
4635
182
517
4932
3201
5213
4419
370
1375
541
6178
9079
7354
3640
7230
5852
749
9483
7343
8350
1934
485
4246
2518
4817
1164
7765
1293
2044
7293
1988
9039
2394
6962
8321
1328
179
8585
4055
4636
9435
3074
3139
9603
138
9705
2691
5174
5837
4133
8127
8795
7164
672
8733
8039
4011
2393
5296
9068
4500
8374
9680
6432
3876
6141
5008
6224
1733
2453
2924
8597
8557
7080
5729
3095
5077
2924
6914
6911
6940
5859
631
8641
8365
4879
5977
7002
958
410
2140
9238
3226
9205
9676
2261
9106
2447
8427
7038
6575
8873
9657
3925
7452
1223
3381
2218
49
3385
2291
1010
8578
8219
2367
7385
2474
490
8625
8583
6946
1864
8242
1859
7943
6050
8605
5894
2635
1040
4681
5346
5402
9484
3686
5602
2127
2903
2086
9955
3848
3528
4159
3492
872
9046
3566
1450
1179
8937
6734
807
2703
2139
105
2220
354
293
2206
2780
150
4119
899
9651
5356
1048
5693
6390
8656
3791
558
61
17
9217
4190
6463
5076
2140
8253
4188
9849
9539
535
6705
718
3659
6954
7000
3074
3973
6388
606
173
2622
3537
921
7262
5443
2691
7897
4246
5993
4066
4909
4083
363
6999
4266
1439
37
4243
1416
298
9505
9365
926
9077
2048
7340
4271
3473
5948
1706
1444
8519
683
6234
1516
6697
2438
1875
6737
3400
1419
8908
9341
2488
303
9075
93
6881
4008
7609
4805
3560
8395
2736
7588
7005
4433
2536
2874
5366
2960
6118
9607
6604
9479
7494
6261
8451
4153
2307
8376
6224
7950
9636
2357
887
1958
9849
449
83
2367
5446
1259
5417
8121
7567
7965
5487
9448
3142
4735
9016
9642
9456
8253
6979
8922
3006
1371
8230
5060
5995
6053
8421
9433
1825
9883
6920
597
2322
2381
6395
6624
5875
7379
2567
1250
9883
33
9409
1691
2477
2553
3905
210
1729
5553
3958
4891
3322
2758
6489
7518
1284
6321
2991
3990
7612
7545
4675
7687
741
713
2931
9796
5272
1156
921
7168
1419
8918
8189
35
3189
2109
1496
6767
4817
1288
2988
4772
8945
6030
131
6240
9462
1811
4070
5707
1853
7894
224
5971
155
6350
5169
867
9340
7510
1142
8681
248
1990
2377
9320
648
7189
9701
3771
775
7484
9582
4683
6940
956
5278
3827
9224
7395
5858
5713
3195
411
551
1616
4091
6275
1423
8628
3736
1058
7576
5414
7385
9929
9823
3121
4011
5736
112
796
6300
7780
7618
5017
5395
4232
7265
5228
5602
2329
2619
2800
6846
5966
7392
7607
5183
5248
2835
6769
6211
6111
1014
4879
8487
9493
6741
2056
9001
9855
9074
8075
2728
824
5505
2134
7885
2248
5108
518
2110
8110
4218
8336
735
665
1699
3120
700
5806
8919
4320
4470
1141
1464
2476
8314
5220
2181
7171
1288
1344
2145
9888
6033
8577
2787
8361
4546
8326
2575
4888
8593
2313
8885
4121
6582
7540
5336
1379
860
2100
3714
7978
2776
6012
6454
5956
105
7725
2486
3787
1408
1701
3030
3938
2370
1846
1841
3068
6539
7177
9882
5881
5078
1362
2149
6226
2666
1014
7688
3495
4983
6058
2396
8711
1954
1357
6120
2656
669
5401
2368
5960
7082
6582
8489
7515
2529
3680
5105
1589
3280
1514
925
8930
8995
8386
5139
9460
7220
2439
1817
8470
2564
152
7437
8991
11
895
3654
568
9757
5487
2139
2017
5358
5801
3427
5793
1943
5973
7852
765
5208
9903
4352
1819
6880
3664
1813
4599
7804
1167
7236
4886
2204
7399
2445
7257
7052
9115
392
2804
1762
2999
4943
720
1539
4408
4730
9069
683
1167
3723
636
3788
6146
5260
220
8214
2484
1733
9459
233
9639
5442
1984
983
2430
5556
6223
1437
3591
5191
4828
5715
729
1220
635
1954
6075
5736
4455
8997
5014
3653
1050
4276
8203
5191
9389
4349
3447
1753
5056
4115
8294
7145
8588
2316
2118
6042
1799
2549
9902
5049
4456
8057
5854
9778
763
6722
6936
8995
8023
6239
1040
9713
5054
182
961
7674
5237
6812
8464
2635
6677
7315
8964
9507
8641
4259
6646
471
6938
8029
5013
1719
159
2635
2253
2257
4376
1452
7289
9045
4356
4703
1623
1273
7202
6045
6236
2686
3261
9004
7223
2434
5580
3185
410
6135
3977
7814
7814
3779
559
9308
5590
6170
9994
2402
959
3130
6250
5543
9894
4101
7000
1325
1378
532
780
7423
5540
6649
6846
1732
8261
6502
1755
9940
1087
2620
8778
3082
6894
967
7552
6075
5224
5816
9905
6022
5242
5235
9896
2188
8901
4363
6313
4914
2074
8058
7813
901
4546
5205
1725
445
7889
4094
2235
213
9147
1004
2349
5881
4007
2633
7075
1809
7203
7291
5420
1262
4456
3173
4795
7299
8160
3710
7776
4454
2182
4483
1828
6854
5853
8744
1525
766
5731
4532
7251
1499
4134
5310
1882
5595
2584
2211
2561
1015
3439
3674
5490
3299
8497
8217
1932
8883
8446
776
1989
3568
1790
6038
7859
1147
1757
5804
9453
7424
4723
9967
8541
4015
5289
474
8617
4552
6601
3195
5106
3685
3845
7260
8653
1948
571
6165
6561
7668
7464
7872
207
520
1530
9022
9672
3435
4250
2440
9372
8091
8346
2615
6575
4536
8779
8952
2753
2487
7811
219
5614
1906
6957
2331
3027
9970
4432
1187
4370
8176
2613
6526
4968
984
2579
5328
4237
4399
3949
8387
4731
2310
623
3061
562
2559
469
4112
1308
1008
9581
2441
957
4950
3773
4078
157
6460
9912
4746
857
5948
9917
7482
534
2501
9424
2453
8328
8510
3934
9831
9634
7034
1659
4719
3982
6908
7614
4074
3648
6364
7519
159
6742
4187
2223
5213
3939
691
7385
2209
7484
4787
6168
701
9682
8330
7098
5189
1922
5729
9747
7707
5001
1086
2100
3838
9051
4662
2702
7870
9798
515
8850
3732
82
6470
1626
2128
621
9343
5005
7938
8916
5051
1247
5357
1380
8061
6711
6696
6498
2576
22
3863
2407
6235
5909
6730
1185
1158
6845
9285
2134
6220
3036
3584
6826
2450
6535
4895
1570
3735
7003
5732
9625
2588
5801
4307
4180
1462
4386
5735
2274
8290
6926
7667
5782
6120
7587
5308
71
5523
3620
1317
5383
7488
8392
1274
4323
5493
2893
3874
3275
9828
3692
8383
4515
4271
6334
2391
1753
2942
7856
8360
968
1439
8483
9399
6940
1790
2184
9850
9670
7910
6298
7879
4931
1894
6539
2892
8664
3831
6340
7569
112
989
7623
2587
8298
3532
1815
6434
2892
4317
7099
6229
3037
6081
5182
1324
4514
6165
827
7934
4375
9494
6775
7636
2976
2727
6879
5661
1904
5649
9444
6468
3273
7995
2964
5104
8885
2058
8139
1402
1510
9274
3706
9364
7673
2829
8902
2152
560
2340
5188
2734
8383
6940
9412
8466
5143
2379
2123
6869
370
2923
1702
275
142
3493
1659
2758
158
4258
8130
2553
9404
4446
7045
2319
5572
7790
6756
7044
9485
819
7484
7492
3561
6240
8264
1931
1104
649
5528
3869
1895
1420
2305
5143
9383
308
8965
741
5803
2171
1541
3285
2425
5568
7028
8012
6165
8090
14
8680
5283
3980
6009
6582
1580
8873
1547
8805
6722
4745
1964
7915
4743
5165
1837
9206
5851
3135
681
4309
2709
2254
5051
4520
2612
1321
6880
4965
7621
7417
1343
7885
2600
8836
6838
8910
2847
111
1638
4618
1911
9284
3009
9256
9754
9205
579
1514
1219
6847
5920
1550
3731
290
2268
857
4356
6720
3137
1761
2381
4948
8636
233
8437
5350
2120
4515
971
3484
3376
5809
5
7986
7391
4812
2663
9613
8506
1401
7815
8188
7104
1689
4303
3088
6497
3343
8866
9726
2877
2584
3315
3651
3950
4982
4914
2583
1785
3501
1064
6309
8529
802
3925
282
3309
6032
4552
3484
2522
6349
319
4077
7204
5708
4751
8480
2433
5012
3542
5707
2030
1682
335
4749
3502
3370
9271
9778
1840
8804
8046
4165
257
4469
4479
4709
3347
2730
4163
1707
3692
5820
5762
3307
2497
5729
5212
9785
4
5343
9832
1902
5995
8903
4859
3259
8740
5855
1099
8045
8838
3424
1732
6418
6953
3665
2059
7210
2329
7556
4513
658
2775
8496
6298
2077
9809
6702
1790
6884
530
5800
2608
192
1789
9695
1501
2452
9734
9340
7879
1440
2642
4265
8979
692
5632
8928
480
1138
1160
3220
122
504
4691
9504
4733
6764
2042
6413
9325
680
2260
1527
6325
2632
9739
9570
9151
9393
6254
7177
2212
357
892
2759
8148
2868
8543
2778
4839
1717
6823
8036
1477
2437
6825
5956
692
79
7111
2708
4160
334
3137
6884
560
3151
2413
9640
2663
9401
7763
4701
3511
8129
2844
3170
3565
922
9325
6949
1961
4346
8542
5915
572
8675
7952
8643
4455
447
1773
9037
1377
6029
802
8215
2777
8620
9531
1081
1165
8821
7886
3698
7387
2735
2763
8130
1062
13
4082
6858
7180
1834
7157
832
901
5223
6544
343
5886
5396
3334
4447
326
8974
4286
8313
24
2248
7518
3437
9755
557
9942
7935
6263
4020
5456
3104
5209
7397
310
9905
9256
8860
1285
9597
9161
812
769
3047
2736
2629
9642
818
8024
4168
2317
9184
7237
186
4413
6317
2264
232
4179
2092
450
7547
1811
6386
2076
284
5202
2706
2071
4745
2853
153
9088
3496
188
2427
7878
4491
1855
2862
6831
2100
551
6517
7239
459
8800
2159
9563
31
5005
8370
2613
2442
3261
6337
3705
743
2877
8326
1855
8984
7102
2204
3153
9587
9592
6140
6536
7965
4447
5354
4003
2586
4341
753
9672
4035
9808
1773
2957
7625
9293
9879
3304
3545
7317
9686
6406
8033
9919
6275
9962
5714
9815
6590
7030
3654
2398
1056
9054
7444
2433
1440
9371
8161
3198
6010
2062
5449
9876
3261
8022
15
5306
4484
5427
7569
9267
455
2459
736
1537
819
94
3710
7320
9751
6197
6825
7252
496
3664
4727
1374
7096
3200
5154
3562
1162
2594
7718
1988
329
1837
9688
1005
961
7006
5866
4944
3806
8418
5692
2634
2668
6611
1925
2025
2655
3799
2947
1428
4228
950
3487
2908
8360
26
916
1570
3223
9035
2961
5209
5047
4684
7389
1276
5607
1184
7195
9027
4962
1266
766
7810
680
691
8415
4115
4638
5556
2428
4662
6773
3847
7571
1989
4105
3121
6592
7517
2267
8739
707
9146
1249
3881
422
3473
2860
3458
4957
3972
9210
562
2078
1362
9534
4164
1411
2621
637
7620
9470
3616
6329
5948
2700
5809
4339
4493
1581
1395
973
2480
5124
1183
2206
5485
1578
804
7449
9981
5495
2780
208
3531
5075
3441
9285
3984
3786
1584
8418
7647
3759
1884
314
7661
2002
5943
6367
7653
772
125
9540
3388
554
7553
7414
8752
2977
4475
2247
6486
8722
4530
1675
4437
7926
7735
4743
3917
5819
1122
5814
4796
6007
2754
2590
50
6012
8975
323
2083
1149
7553
7386
4173
448
2262
3041
7210
2228
7088
2109
1064
3029
8846
5699
6280
2590
8253
4395
3924
2431
1901
6258
6964
719
8136
9007
6530
2675
7569
1944
1533
2415
1690
7606
971
1196
2633
2551
5891
2427
939
3874
5226
3145
5896
8896
795
2052
9770
8713
780
8717
665
3244
3551
654
7944
4628
5639
1806
2166
9799
8492
835
5773
2512
6736
1063
9295
7776
5794
5998
2482
5296
4531
3974
1929
9018
5688
7552
8454
7385
3615
6110
9164
1406
9925
2366
714
8196
1031
630
9285
5286
1416
5392
8900
9168
5074
5720
658
5076
2192
6387
7871
1646
732
7827
3736
6649
5701
6889
4633
3779
7747
8986
8000
2670
2958
3428
7444
441
4251
1010
5990
8175
264
7167
5398
5550
6411
5480
6745
1947
3557
2533
185
9108
9629
8889
5886
2437
1547
6119
1100
6015
2545
9128
5549
4566
3793
6906
6064
1306
891
4987
2657
2761
9269
7191
6524
1618
7361
8062
2588
5949
2633
7162
9433
5850
7678
1519
4562
2631
9905
6787
4806
5893
2497
192
3497
4685
4007
5192
5893
4415
5503
6473
207
1708
8632
3057
7692
1013
5820
5827
996
3010
900
1258
5318
9256
3686
1950
8188
3541
4497
2533
5167
4429
5515
3244
2382
1755
2216
3397
1484
8144
6686
6787
104
3279
4519
6148
4016
4893
8646
8543
9160
3587
8573
5134
8936
390
4351
6589
1268
2616
2242
6948
224
4624
3559
3985
2211
6264
236
5962
8779
1781
929
1890
2658
5804
7371
569
2000
5331
3974
617
6513
9270
142
9054
1079
5068
8719
3717
4387
1833
4331
185
480
3156
2012
8298
1841
2603
2459
7279
3421
2134
9840
7917
5959
442
9131
9752
6147
6384
3363
1097
8565
1717
525
2609
5004
2786
8191
1790
5904
4302
693
6187
600
5923
3075
1165
8975
7998
5404
3835
7975
6923
147
109
5870
6721
7713
2616
6817
5786
726
1976
4142
8182
1683
880
2590
5024
2055
8367
4723
433
9992
1619
478
803
2372
514
789
4201
8169
7606
1939
5853
930
9417
9872
1465
9763
1874
9602
8795
2327
8814
2612
5987
7079
9971
8182
6942
4718
6720
8597
6232
6859
2473
8636
9358
2343
3378
6075
4098
3048
1594
4504
5074
1925
362
7683
9866
6202
1261
4255
8809
2318
5650
1117
818
611
2544
3050
8453
2942
6459
285
541
2968
7460
522
7898
3316
2501
1402
3410
6610
9820
3486
9955
9683
407
641
7181
3918
2
4686
6750
9970
5629
8419
2893
5981
9522
2628
379
1373
7365
8627
567
5957
1853
4046
881
3506
1426
6649
689
4158
103
7470
7849
1413
7193
7858
1496
8535
6648
7274
1681
4141
9303
1053
6331
94
7311
4812
1066
1476
9401
3007
814
2203
1947
1282
5818
7946
7713
2241
1783
4198
2976
8127
9786
3907
4696
8989
9268
2716
5240
5320
2953
7109
1863
564
5316
1358
1648
8888
9768
3675
1628
8890
1385
9586
5063
3997
2828
2325
9724
4680
9213
5040
3842
5129
3248
1845
9835
9770
7018
6790
842
3522
832
5203
8677
5647
1328
9685
3756
3842
4959
6906
521
9516
7986
4722
4008
8120
2321
216
1529
1016
4489
8198
5283
9541
3234
7794
1403
945
4096
893
2309
9039
4797
5407
4218
4470
9751
8187
8652
5586
9861
9064
9958
8667
848
5730
919
9274
8384
9246
6304
8841
3029
6686
6443
9354
5655
3908
8367
4875
2688
3897
6754
5960
3544
2592
5902
1281
7729
9783
6839
2494
5844
9326
1227
1745
9643
6700
651
4475
1553
462
7402
9057
311
2256
259
5024
8409
4689
1568
1695
3344
7874
5080
2532
4985
1216
248
3641
9078
594
918
8800
4563
3061
7490
3621
267
3222
4621
5971
7116
4495
5582
3114
1881
5398
7923
1168
303
8066
9253
2085
3914
1936
3680
6699
3480
8085
6721
2421
6606
5476
672
3967
5818
5218
2080
783
2521
5161
2501
171
4041
5402
709
8539
1650
870
1650
6560
3201
1551
4311
38
7845
8394
8273
3333
5373
664
6656
6270
9793
3557
7982
4388
4161
5872
2975
7496
1803
2813
4986
410
7745
8519
5591
637
825
2170
9145
9675
1575
2240
2574
5624
6952
3833
68
4235
3456
1537
8798
9914
2647
9933
7448
3382
592
7446
23
4103
5274
3513
9333
1417
8394
5374
4907
791
4520
3224
207
8678
185
3420
3441
3926
7581
3573
8529
8132
4202
2871
3763
1395
7545
8435
2997
8429
2559
3019
6016
8725
3999
567
2749
8686
7069
7078
746
929
2374
537
7357
3131
4703
2428
4793
8869
4443
1670
9679
681
1601
1956
5110
3761
6925
9937
1277
6705
2262
2488
5617
2792
9104
1549
1771
803
2371
9865
2603
756
9627
3812
6907
7825
2785
24
845
9391
7850
3684
7798
4464
3327
6734
8271
8907
8829
5741
8266
9547
45
9173
5362
1050
1782
7236
3958
1584
3810
5085
1847
4358
4351
1491
6192
6176
1303
1016
8758
6043
8178
1142
8191
1763
3498
1966
3320
2041
4127
1424
9890
754
1004
442
7500
1555
7130
2676
2359
1771
2883
9211
7254
2530
218
6284
804
4065
3577
9172
4795
4386
8635
9845
9954
9018
8219
3068
7734
3379
6525
4065
1405
1055
4988
2623
3383
2905
9235
1652
3813
6270
7535
1067
543
445
3732
6872
128
1531
2144
9540
5397
3290
8029
1562
7670
9595
43
7808
6404
1985
2557
6714
1860
9800
7219
555
1770
4246
6088
6686
1722
6913
4925
4597
7002
8289
4229
671
7340
1079
5986
7823
7179
4942
8000
9562
9716
6560
737
6306
8856
7468
7129
3921
7486
1575
7674
8039
6062
801
5747
1800
6667
5226
1428
4400
4864
2325
1110
9369
5567
9371
6073
7614
326
4835
3021
5856
8260
2672
1284
2105
9258
7212
2440
8975
2148
7892
8314
5692
9834
2803
9099
9755
6866
9667
2638
4661
2537
9361
7677
621
2802
4465
9819
9321
6270
9011
394
3955
3725
6548
6350
30
1955
7447
3522
3900
6894
1653
4777
6479
5767
4867
2632
9279
7719
2852
7826
1916
4764
6750
6227
821
9757
9649
3858
1240
10
4053
5792
8874
4791
339
8118
1097
394
2183
6543
4992
4867
3764
1921
6795
9484
1081
2898
6140
1185
9859
1016
589
6466
7923
2961
631
5399
2369
1268
2322
6723
5393
2184
6062
3931
6517
9684
5906
969
1507
4967
4515
9164
8217
1049
2615
1250
7150
4817
9305
3017
9930
2680
224
2739
6856
6909
6684
792
9771
4347
1105
1760
704
8136
775
7409
1091
6128
176
1941
516
5090
3468
4976
9770
984
2266
433
6552
605
2016
4455
6464
6970
2716
7782
838
4401
7116
6953
390
4606
5707
9578
6505
5050
4237
4208
387
6210
1981
8985
3152
1576
4356
7448
9041
3160
1965
2112
546
846
3479
3298
8094
5558
619
5971
2164
131
8798
8690
2459
5541
7673
2040
2628
9925
6407
5409
4272
3442
2815
2410
6674
6385
1187
3820
9109
4832
3048
7704
4769
8956
7175
66
9306
8260
531
6323
7514
1629
7340
7370
9441
1559
8131
1187
6682
9824
8751
2043
1231
7784
8223
9939
3343
2613
3937
1283
2751
8632
1971
4336
4335
5647
9784
4608
2590
2412
5245
5262
3041
9254
2620
7082
7888
1822
6097
3699
9585
181
8699
4471
1146
2876
4405
1162
4273
7884
4086
6357
6902
1944
7541
1009
5971
5535
2257
5028
4594
6262
4369
1083
9280
6198
7719
1241
9585
9169
2938
8127
8340
3723
7956
1309
7432
9879
2681
1383
8351
959
1849
3819
5426
1368
920
5826
1413
533
7052
7685
3357
43
5398
9491
1775
8485
7221
3216
6010
8424
5143
432
4952
1546
6962
6660
3825
8095
3954
2243
7777
7892
1715
6701
9115
4416
6690
2604
1246
2615
2591
2732
9383
8737
950
9133
3846
7739
2750
8471
37
860
7088
9517
279
7578
4892
1188
2062
4349
7017
2790
832
341
8605
4594
5690
8888
3484
9799
1061
7663
6035
8577
2872
2705
3223
2226
3198
1184
825
7957
4234
9731
9965
7855
2952
3043
9660
2118
5270
6378
8551
2247
803
1096
7244
9811
5334
7960
3358
4970
2530
547
6048
187
2649
7060
7842
9465
2542
572
6079
3650
8096
9206
8390
861
7684
3069
680
1090
6273
9436
4817
1711
9826
1943
5563
3991
6856
2329
7951
8621
3406
5581
2798
5250
5537
1664
7247
5115
2367
1559
5273
1319
8047
973
3795
4128
6962
80
3337
143
7592
4157
9970
2453
7814
5800
225
7031
1526
1905
6793
3129
6448
8836
5188
783
6984
4527
4533
1920
7544
4329
7740
2220
7439
7633
1035
2351
9354
6564
55
5734
5906
4228
513
7618
758
3957
7701
7083
7546
7513
1762
1046
496
1983
8091
9290
2135
5640
2382
8959
2417
202
3251
1400
9321
3768
4551
7635
3972
6146
6458
6415
2055
1480
837
4989
2426
2229
9360
3322
44
1962
7091
4028
4935
2296
651
4298
3060
9746
1360
5489
178
563
8613
468
900
3180
1135
9492
3241
2512
9673
6225
9344
9731
2151
5295
2666
4800
6378
1484
1074
42
7668
6673
2459
2646
748
3128
1530
6967
7156
8173
4564
6858
6601
983
6312
8883
8235
9305
128
9415
5566
2996
5236
9244
4623
8368
1871
8686
8667
27
6854
227
733
5456
9079
5969
4998
1355
3470
478
5042
2780
5390
1672
1496
3834
2158
7575
114
1403
8145
8976
4271
49
9659
2267
6933
1447
977
967
2106
9500
6064
2972
5877
4255
1344
8033
8753
1116
4506
1599
946
8021
7480
2118
3546
933
3661
5167
4462
1985
6885
3377
9125
32
8397
7496
6721
1949
6998
7091
6849
7642
4310
5180
581
1590
9120
7438
1636
4498
4421
866
5915
7249
4507
6442
4503
6911
1277
2322
1317
4660
6483
3172
7735
8312
8003
2843
2906
9161
1960
2570
6246
1514
8594
205
4678
6159
46
1152
3704
2918
5464
3567
583
5688
7918
190
391
5729
6854
3386
7536
2139
7619
6207
6447
9586
884
2668
3369
7012
2270
1284
690
1975
5611
3382
3118
5759
611
3439
4821
1584
8506
1438
700
1505
2473
41
433
9602
1937
9150
6167
5615
9822
5932
7571
8501
7449
547
7270
2373
3808
1641
6541
9831
4522
9263
5973
8368
5077
9699
819
5655
9651
7127
2675
9205
6245
7202
8126
9003
7766
2390
7074
2616
2091
1394
461
1802
1192
2040
7193
5685
1303
3185
6127
754
5878
6080
1205
9370
1022
9861
6265
2388
9163
803
9731
1771
617
1251
166
963
9739
5098
8008
5309
578
4473
7667
1721
9148
6388
8074
8635
26
8293
1583
7602
9927
1281
820
3253
2102
2219
1697
1758
1467
6312
5750
2987
1981
1827
3057
771
7418
2946
9074
1575
3675
7113
6013
1513
1434
2045
7200
6480
1330
6635
2710
5324
1077
9834
8555
216
4211
671
7457
302
6218
6719
9730
7887
1113
2474
3735
1970
2826
3590
1032
8397
3087
6858
5525
8226
3404
6684
9749
7420
8805
9021
1884
1594
3433
9315
3890
2331
7631
3639
4322
2811
1696
7073
257
7837
1030
2960
3408
1897
2147
3902
1458
168
3829
6852
3266
1630
7337
7194
3247
1526
429
6321
6377
644
794
357
8033
775
4882
6221
7340
5102
5878
6100
1033
1613
8059
2493
2019
8912
4030
7203
5816
3151
6998
303
2267
3586
6905
9677
343
6279
9185
9473
6037
7730
5584
4502
3472
9668
7330
5271
295
4015
9203
4514
6418
5400
7377
2041
8249
9630
5746
6027
7458
6555
1465
8787
7065
1449
1013
6687
4340
6566
1370
7780
3912
3595
996
2511
8886
537
1353
6015
2938
181
735
6705
358
22
6399
6476
5050
7228
9800
9359
2087
1459
6646
8408
8164
824
7188
7223
2592
1916
3823
3377
4553
2775
541
4361
4237
9551
7711
9276
2062
6952
2003
9051
4683
3710
4157
5199
5806
7601
86
8168
4992
3584
8037
6406
7571
1114
8190
5036
337
6496
9464
1234
1249
3599
1268
2010
8443
1981
3866
3173
428
9778
4230
7143
811
2105
4691
3208
3708
5974
7430
9868
2117
1594
4447
86
1568
5509
939
7560
6241
1883
1758
9150
8792
2651
8847
5564
7240
1580
1668
4196
6761
4056
32
3021
812
9950
890
3872
7918
290
7888
1093
7294
488
9691
5118
9633
5457
3748
1442
3014
7061
4712
4989
7942
4770
3112
5413
8718
2899
740
1664
4064
7285
8953
7941
6343
4934
649
7856
794
590
6138
4922
1170
5443
9201
1704
5519
663
2928
2546
4024
5653
8414
7751
3730
4125
1894
2863
1620
1739
1251
7729
6840
9679
3002
2375
6947
2152
7944
1422
4505
4098
6558
3650
9515
1810
3418
1178
6178
7391
3416
3184
2225
5924
7960
3732
9926
4835
6114
3969
7041
7468
6680
7375
2792
5246
8346
3243
7290
269
64
6436
7186
133
451
1559
1519
6814
6093
7710
8370
4624
9843
4884
1223
777
63
4828
6264
349
7459
2930
1198
2397
6587
8418
3897
9019
850
6681
4386
1965
4840
4825
2943
6272
1586
6608
423
2318
9826
2762
9287
3443
6537
1158
6980
6061
6442
8535
3985
2370
3473
4236
2659
3479
5540
4274
3635
4286
5001
809
3140
719
3416
4116
151
2810
9586
5973
2891
4827
6690
8936
392
7647
1986
1966
7806
3959
4898
9645
8601
3627
9701
3286
648
2305
6956
8424
8686
8126
6055
1891
8040
187
7480
4671
5921
4908
4843
8814
2403
3789
5908
3359
1886
2061
4375
948
7134
2368
1005
4087
6055
5104
310
7464
8436
7876
2026
2714
2
1411
5124
9247
1462
6970
9265
9681
6102
7677
3605
7971
3094
523
6176
9831
2705
5301
6047
6497
6283
5520
9189
2315
2101
4344
1932
7834
5489
1063
8022
1825
7270
7735
5785
341
902
1236
7083
7938
5278
22
4585
1036
4221
8221
5038
1143
3289
9774
6275
683
1695
590
1650
8690
8457
4380
2591
212
8085
8451
9993
4966
8915
15
8541
1854
8975
1633
2556
8298
9536
7406
3422
3745
1856
3021
583
1225
5582
608
6793
331
9392
9394
8362
2101
44
2035
8
4094
393
192
6298
8015
7633
6662
8056
2448
650
5911
2318
5217
3702
8014
5453
2122
5495
2928
4210
6836
1959
2261
731
3178
519
5621
3687
2570
1590
5158
7134
961
4469
2149
8609
8614
9320
9874
8691
5
8783
6465
1848
5983
6870
3822
4637
335
6986
6129
7864
337
7373
1906
913
1710
9644
5903
1457
1883
8255
9852
9
8739
9184
9290
4679
8305
1376
107
1733
3315
8582
5861
9939
3484
8569
597
166
73
529
7142
4032
1382
7208
8818
7089
2097
5383
5975
7118
8495
5006
8782
5442
1805
4068
6760
4499
3162
5472
4378
8166
1460
7607
8539
7621
672
2599
9596
8160
6702
2675
8967
4050
7996
1120
9450
5941
2489
7007
1750
1128
8157
7245
99
3328
3752
3767
4343
2445
7624
9250
2423
367
8895
1305
9117
312
3331
9800
1402
8900
2040
6169
941
7030
8267
4733
2357
3844
4720
6142
1012
2791
9455
7410
2980
4332
2922
2514
9230
2366
8963
6316
7769
3175
7595
3014
4080
5668
5614
5908
9320
6825
9885
2267
2576
9861
8651
5175
1577
8567
5373
2298
4488
9185
3804
8374
393
508
1341
2429
486
2493
7283
4551
505
5590
3218
2884
95
192
1735
9234
445
1607
487
1185
8023
8278
2901
1077
2174
3109
7480
1804
2010
704
8220
2817
6329
5306
1943
752
4583
3298
5519
6106
8974
6309
6171
1723
8463
3700
1511
1291
2898
4311
3308
2722
8843
1329
3135
9808
5774
9094
7753
4412
3587
8283
5319
9386
5805
173
722
7074
936
4101
9441
799
4241
5418
542
5461
2363
8248
2055
5095
5823
2928
7030
3496
1235
303
1539
4704
6718
611
7656
2225
1099
8939
5013
2699
9324
5182
4581
1644
2529
4767
416
1020
9466
8240
4099
9609
5145
277
1613
2398
2155
682
9548
9081
6040
871
8663
6141
5912
8674
5101
9701
6601
7462
8350
1642
3951
5636
4104
1527
827
2935
2645
6826
3296
1484
2130
7566
4801
8465
8499
6455
318
3885
2438
6334
4273
3713
9589
7694
2516
1230
1680
6414
4022
1959
906
1072
542
2695
7394
4441
862
2326
5926
8081
8171
1560
6371
7853
3964
343
3856
6492
2530
9618
2027
8303
1591
2822
3300
1677
6714
380
6505
7061
7465
9379
6625
117
9904
8288
6237
458
6145
2738
4588
7849
2020
4571
2238
1342
8210
3980
1660
8771
4796
3584
5557
4852
2754
5501
6076
208
2480
7926
6832
4226
5675
8916
5052
3872
4941
197
8864
2004
6525
8982
9631
3466
9331
5245
7132
9561
6682
7994
4254
9989
5847
3952
555
3732
8233
9598
7028
3072
9281
5363
205
2844
2036
5841
5793
8939
1278
8673
8259
9389
9258
1943
3816
8235
2847
3543
4899
853
4237
4312
1280
3882
3737
281
7157
7816
7604
9041
870
4325
5907
5579
9545
7437
1803
8738
1289
652
3867
889
1086
8046
4543
287
1037
6965
9105
6352
1372
1452
370
5407
7977
154
4778
7363
8556
2328
621
2767
5145
2294
3871
3927
5290
5947
8712
9504
2349
5852
3147
951
3226
2991
8916
4293
2488
432
128
1953
8832
2708
6450
9830
2417
7244
3539
8614
8854
4844
1673
8559
2997
8509
1244
2686
7098
5903
69
7810
7075
115
7815
7122
9773
2664
1858
6481
495
9220
1733
1088
6005
1094
4021
3909
1040
7866
8380
9915
1372
9132
9795
4746
402
6000
1586
2760
2767
2721
583
9408
9173
2217
3126
130
2272
5089
4721
5452
4684
1577
6296
1431
3605
8202
6498
52
350
698
8684
1305
5878
7472
1425
199
632
9304
2251
5822
3155
8633
681
595
7946
3509
2593
4864
4252
7873
9032
3116
7509
22
6144
2046
6022
744
7473
1212
4148
5925
2092
5288
6893
1103
7643
4334
5328
1693
4381
9399
4492
2063
7120
8210
5529
5777
3520
5907
5687
4818
5424
4700
9796
1349
166
7227
2402
2247
5179
8116
7368
9698
2803
5761
2615
8082
6938
8183
4496
2407
7376
3483
7764
5482
1303
7941
1356
2307
8698
9235
3002
3770
7472
3201
2432
8316
3809
2664
8336
5200
9720
341
547
2443
506
6315
462
1585
2438
2251
2673
7725
1661
7763
3170
4787
340
484
1530
7892
7479
521
4606
3233
3393
4933
9137
6884
2474
3740
328
3371
1375
773
5982
3318
3144
7470
4296
2676
4678
5889
2764
9897
5916
550
4590
5458
447
9848
8379
6060
4705
668
5354
4065
506
2287
1999
5588
888
2768
5169
3952
601
4542
2639
220
758
6675
2735
4770
8835
1761
503
7137
5380
8156
656
8095
2482
3352
3671
6306
1773
3668
9317
5009
4612
5432
402
3398
2036
1755
565
6487
1422
1160
6783
9781
3340
8305
5306
6405
7492
308
1692
4702
781
2749
6448
1185
242
4397
3702
5168
8342
4282
7017
4392
2311
7847
9330
784
7157
1333
3435
103
3572
2377
4743
137
209
6432
6288
1235
5106
8049
3265
1047
6641
4498
7958
2802
1097
1390
7600
2380
5089
3125
957
8431
1450
6324
6599
9724
4052
134
2683
4586
4198
6027
3982
8160
637
9289
875
5269
6308
4816
6688
8902
1269
2194
1466
8904
3663
8819
5629
1951
953
3277
89
8462
3446
967
8393
928
3241
8183
894
4838
6778
6022
9259
2225
8761
2035
4546
5171
371
5450
4560
6961
5700
7094
4164
572
2892
4484
2581
1089
1428
283
2581
8173
2658
2425
8192
3844
7339
2431
2634
8116
505
1280
936
3910
5901
6758
8157
4421
6743
3638
4008
5425
292
4613
2460
1238
1142
6730
8849
9577
7498
2773
281
9139
5319
9121
5077
9426
8915
9527
8920
4028
906
9571
2204
7365
8241
778
7316
9922
1207
6380
6066
5998
3661
9863
4746
2222
5416
7212
5959
9329
3941
2918
2557
5290
7836
1095
3726
7360
9864
7509
9984
69
1990
3670
1855
1638
9147
4504
6847
2627
2491
2917
9061
9120
2680
2116
5863
7195
5656
5362
7200
7599
9322
8739
2457
5672
8490
628
6116
8840
7571
2419
5275
1625
1332
5202
1513
5587
1318
9111
790
6912
1197
9639
4153
8431
5245
341
4329
4950
8143
6693
6997
2076
4931
7958
3941
1686
5736
1615
5360
8256
443
6153
3455
894
2221
3566
98
1267
1240
1632
6865
9505
3634
9645
8102
146
5811
3201
6186
6632
9332
2796
2604
1952
1384
758
4025
5388
9904
2960
1864
7040
3449
5837
6870
7965
4280
4242
434
541
2586
7097
2009
9486
6917
412
500
5379
4323
7984
8384
4039
5856
7503
1343
691
7553
3179
637
8417
8727
2416
1638
5362
7045
9993
9846
814
78
486
2641
170
6659
6397
676
3823
6636
1662
3771
584
4516
7211
9861
1323
3450
6263
6133
2188
7797
2030
5386
7535
4583
9974
9057
9357
2710
9605
5929
9768
9591
4403
9671
9490
4715
8417
9931
4603
255
7498
5939
7114
8383
7561
5999
9454
8027
2299
5493
149
8572
2742
4630
7388
2792
4474
3024
6664
8484
7047
5109
277
1898
336
7308
8269
4572
3439
9895
731
4343
1496
5093
3360
1707
2642
4168
8358
138
2147
5241
1476
3519
443
6715
4977
2241
837
813
6428
5128
7161
9364
139
3488
1477
2473
6082
9532
5902
1598
71
3948
8849
7687
1988
5761
5758
8183
9244
2208
120
9560
7346
1142
7190
8127
2422
299
8990
2527
3761
9962
1714
1581
5043
3792
7099
3844
171
6691
5478
5290
8999
3221
9756
7474
3324
3913
1606
5540
6744
2373
9377
5466
2134
2664
9198
108
1427
670
2173
3870
5279
1329
3867
2168
3029
8579
5945
4006
7582
6938
3232
3202
82
8187
497
3807
273
6714
114
1255
7842
7872
3622
2807
7258
7566
5147
3112
2655
1
9706
7842
1869
3062
2011
5213
7257
9328
3912
2840
1332
9416
9922
8477
8242
581
665
4404
3403
6812
2600
4024
1874
585
7103
4263
7332
4655
7878
1277
2515
6812
8686
8579
4852
8321
3162
1252
8774
1088
6366
5825
405
1526
471
1781
749
8476
395
4283
3090
2345
7314
8991
3295
2570
4613
8114
1246
8228
9926
6258
9144
4264
2288
281
2589
5753
9569
2805
982
155
293
1272
824
7228
2260
7457
7228
2887
367
4059
5678
2470
2199
516
7218
7752
7023
2704
3854
6372
5219
5087
1956
5693
1465
4444
2174
2262
4870
1608
6863
3624
7684
327
1815
5969
4067
6297
727
9471
4574
9947
710
142
4895
7711
2803
238
2982
4745
4284
5432
2918
5084
6559
6306
480
9237
3903
4082
2403
3077
2826
7071
6612
9733
4104
3758
4363
1077
1110
5756
3087
2693
307
3799
1667
7832
5402
6002
2752
5478
402
2776
3573
4481
2611
4256
2445
4586
7882
162
5200
7380
4862
2410
8460
6297
2692
2090
1317
1021
6128
6677
986
2480
7021
8441
6778
5655
7183
1196
3303
45
3271
9563
4667
3494
3190
4031
5480
8788
7413
6016
7684
5598
6853
4494
2388
2429
5779
6254
7256
105
5886
114
2200
5716
2140
7325
3117
9637
8201
6613
8755
3655
3762
2442
6141
8787
961
293
1018
204
4538
2644
3975
6329
2261
7286
6405
6136
3069
2562
8668
7681
1144
7517
8431
2713
3992
7499
6034
4680
866
4917
5466
8813
3180
156
9333
9008
6476
653
1034
1096
5567
374
7889
6318
5208
456
3525
5490
8537
8349
7273
3389
6710
6043
7466
6615
4104
1498
2275
441
2704
8947
8646
9157
9869
5866
5274
9253
9871
3517
3584
9954
5549
2253
171
9830
9396
7244
79
1395
9360
9207
6184
549
3584
7495
2094
630
8277
8419
3816
257
1900
6184
1279
8393
8141
363
1924
8298
1938
8542
37
4704
5499
5121
188
4808
3649
6603
1240
355
4218
7290
8208
1698
9582
5543
6725
798
8279
2845
1255
9447
686
1515
9659
3056
8275
1624
6940
2440
3052
8951
9536
7804
707
9611
844
8411
217
2125
9962
4475
3295
7467
313
8586
407
1267
774
4295
7382
8689
426
7010
4717
4469
3396
8049
360
9720
2137
6117
4247
3681
4537
7309
9659
1843
2596
4249
2627
6505
4204
3153
8279
3941
9164
6647
6884
3156
9737
57
362
9814
8553
3932
2002
1981
2642
2806
4917
7444
3491
4059
6137
3539
808
4107
652
1728
2202
681
5062
8151
9078
4158
4058
6397
8352
6063
4957
7106
9655
8157
5194
6645
2554
412
2902
92
859
662
3968
4148
2211
9136
7226
3974
4662
7453
2414
2971
9513
9746
2363
1809
9169
8091
9791
5550
8397
3468
154
8116
9879
1497
6896
6166
3511
330
5663
554
4825
9481
6577
4671
896
8974
5604
5073
5723
1133
7945
4763
6838
2702
6186
7933
7908
5614
6143
8670
6748
4708
8658
6899
305
5815
6450
5312
4967
9549
8117
4222
9091
2727
9474
7646
1842
4876
14
9869
9693
7298
6212
89
3419
4484
3306
3315
6503
2993
9746
8517
7780
9313
9007
502
1374
9677
3577
7579
1859
3151
1522
4897
4290
2232
9193
5496
1506
129
8783
498
7286
3700
3225
2956
8191
7548
8389
7692
2243
4858
5968
8876
5565
8794
4855
1686
2373
1717
5037
257
4354
5431
1180
2714
4364
9892
5471
8902
6039
7239
896
9271
2525
8155
8190
8397
1483
8030
1217
2671
5727
371
1681
7323
8336
3879
2211
9546
366
1701
5253
6119
1244
1598
8589
754
3804
7667
2317
6800
8521
2389
7689
7605
1050
4080
9052
2468
8854
1282
1159
38
2563
9826
8028
9689
1252
4511
7739
3355
194
9463
8459
1736
1017
4378
9291
6736
4871
5885
9704
1917
1728
979
82
2627
5206
4953
8027
2248
4488
9105
8239
678
9976
8049
9354
2831
6401
7084
4919
9793
8312
2130
2085
4698
1858
2948
9487
253
8679
4939
9115
773
7061
5929
2418
3338
1720
2623
6066
306
2265
2513
4833
8425
7429
3767
1507
164
1103
4437
7886
179
8952
7966
604
3621
8878
164
7728
6608
6883
3587
3532
5377
3919
5535
3091
609
7865
9003
2859
1305
1298
1739
5669
8983
6002
3004
9071
5057
5767
1394
361
473
4123
8067
8920
2610
1349
867
456
4674
1683
654
1909
1529
327
5613
6683
2721
5919
6067
6828
9862
3786
8999
3362
8231
1783
7384
8134
5742
1568
1996
9488
6813
4680
3593
8976
7865
8240
6343
6461
9035
5824
5029
4700
3284
9540
8427
4595
897
9780
9696
7902
9920
9929
190
5649
1154
6941
8595
6287
7634
5539
1193
9227
4436
9255
1304
5918
5537
2678
2633
6888
6146
8129
3966
3866
1259
670
9921
6115
5467
8352
7531
1977
912
4088
7654
2618
2912
6955
3925
4324
5477
2710
4226
5890
8761
2560
792
4696
8339
255
6690
769
4336
7966
323
7334
4325
3597
8024
2882
4164
3849
1115
1988
3294
4782
5721
9477
6072
2314
9030
2843
5040
3971
4479
1981
2610
9852
7249
7927
6
724
7448
2256
7644
8016
1483
4538
6843
6826
2646
7194
9366
4569
3751
1305
1313
5763
702
6554
5074
5121
1326
109
7579
8210
7321
1283
3447
6930
395
5267
2531
764
293
7852
9215
1502
3197
3644
2501
5788
148
5393
3625
9351
2649
3102
241
6640
2588
6528
4536
2488
4901
4194
909
2937
102
3773
609
2906
9390
7876
1697
1215
9824
1951
6833
4960
2355
7093
474
5611
7803
16
8596
7580
5080
988
3608
2252
5053
2737
943
375
5604
6369
1103
898
3856
9011
6376
7437
9619
7345
4313
5382
2625
8527
1225
2702
2068
525
3730
1120
401
7647
1648
1951
1148
2843
8731
4367
2056
867
961
9751
3185
2179
2489
3461
8829
6141
4899
9026
368
5075
2675
3496
6191
9445
2223
657
7656
3852
3495
8530
1952
1062
3717
2936
1021
8051
1189
8913
8469
3423
5894
4895
1926
3137
8722
4456
7255
7730
2203
8418
6526
5667
5638
2717
5540
4457
7068
9760
3431
5722
4782
3753
4607
7084
4218
5392
6003
9195
348
1515
8380
9100
6150
1703
7241
2257
3410
1877
2277
8700
23
5203
4742
5222
3083
8829
6599
2898
408
1492
4841
750
3634
2398
805
3194
8903
877
1926
5901
1064
9188
2325
6180
616
2776
1844
1291
2258
8948
4558
3553
1968
9519
5567
1351
377
8385
7280
9226
4298
6180
7398
5057
4345
1464
3900
1993
3701
5338
5758
991
4754
4181
5592
5293
1748
7865
1277
6265
922
1979
8444
218
749
4813
2384
397
2217
6560
1943
5783
5435
1928
2214
1803
2235
3183
9227
2895
1948
9724
4531
4330
3858
2901
7149
7728
483
6194
2222
3633
4385
8052
4726
671
2023
2310
3107
4671
8786
8227
6933
4498
2386
7384
3233
1812
6417
1179
5802
4276
1619
1069
877
8982
9071
5916
2412
1589
8557
1372
8654
6893
5888
2870
6180
3080
8854
4849
9551
3526
8525
5185
5040
723
6664
45
7232
5716
4259
6005
7393
3026
2563
6948
1956
6746
2113
6258
1549
8404
8953
9245
7381
8275
9694
4602
4798
2428
6177
4742
828
9514
9201
6162
5505
3857
1653
5182
3817
4578
4152
7908
4216
4991
4803
5481
4369
9232
5730
8352
1176
9284
992
1744
3578
8748
8324
2806
6252
6052
6336
5918
1649
6691
8535
4046
9552
6726
5376
1379
8197
9272
1048
4065
2935
68
5772
869
938
2942
6455
9085
8822
7695
1401
1338
2487
5247
8089
2277
966
7480
9085
2848
9560
617
6343
6958
2086
8968
3265
2229
8413
3868
2621
8579
9430
8809
2006
7855
3929
9725
6315
9505
2301
4987
4317
9349
9411
4518
9095
3660
276
4288
3277
548
4936
2819
7928
4409
2761
3648
929
8475
2567
1175
332
2482
6030
4118
5752
1727
4596
9093
3892
7589
7575
401
1284
9336
790
967
4163
8373
271
1940
3483
1810
3753
1867
6851
71
2147
646
312
333
4365
8272
6672
966
2581
6787
8363
1086
8101
2061
6026
1008
8122
5529
5717
940
361
6043
2679
6455
3485
1020
3373
3811
4820
6759
3231
2849
8330
498
1838
1332
5878
8209
687
1688
1540
4423
5830
7843
6899
9455
582
4362
8336
1547
1208
2647
226
9930
7819
2106
1671
9999
6795
3198
9775
768
5445
3038
312
6092
9497
6615
3705
5536
1377
9231
1188
8060
7090
4454
1813
6993
6448
6412
4592
7518
3222
5188
9786
1548
8246
7527
3030
4166
2238
8236
323
8669
2892
630
9076
2667
228
3566
5584
3542
9839
9571
5179
1080
182
3920
3733
204
3535
2845
2481
3163
7399
5368
9577
5784
3649
3541
2208
9465
7294
2195
9304
1208
5997
9778
2054
584
5605
8418
9314
7019
9889
1149
1923
6451
555
8087
6378
584
12
1813
1277
5018
1250
6077
4664
7336
7507
668
1375
6960
8034
4429
4087
631
3440
7096
5893
859
4612
2410
2759
9495
1902
6564
9042
567
6600
3814
9068
8365
3374
5629
7771
7507
2464
2442
1245
1330
4325
6357
842
66
9635
4834
406
7923
460
595
6459
4092
874
2862
4919
3234
8975
880
5074
6635
278
4034
1187
819
1070
763
6899
174
7832
3975
2818
1631
6863
4983
2904
7321
9144
9384
2367
5572
554
744
8831
3235
9887
3174
2090
2003
6299
7786
3306
5750
9261
2229
3255
2881
2644
6154
8349
2146
9859
5197
4013
1911
1672
7850
1843
2379
6554
9065
5832
7570
5473
9409
4537
1895
90
4523
6168
2771
4555
6201
9009
4129
3092
5190
3088
9296
4823
2127
8257
8745
153
1171
3992
9041
793
8727
2850
1249
6496
3709
571
8340
762
917
1553
6033
1796
8628
4649
5082
2678
9205
5601
340
8724
254
8566
8008
9199
4244
1975
6569
4961
5809
3049
3095
5593
7236
1405
7827
8243
3690
879
4884
5756
6525
5376
3961
2724
3290
2325
6144
629
4038
4017
3607
516
835
1473
1233
85
9456
1303
8411
3476
799
8778
9487
2929
3772
8364
8361
5707
7162
4955
1864
2512
8879
6876
9111
2467
6851
2357
7437
464
405
1641
2737
1933
5359
5354
9922
5585
1643
26
1111
3993
8374
7138
5762
3448
4580
2103
9754
207
1124
2761
3753
2413
5861
4446
5571
6329
969
735
1944
8654
2169
6769
8892
9382
1098
4887
997
2058
1614
8374
4932
4985
6846
1385
4808
3287
8374
1910
2959
7703
3121
928
5455
5100
3975
5694
1476
3181
7844
9053
